env1_out_acc  env1_out_los  env2_out_acc  env2_out_los  env3_out_acc  env3_out_los  env4_out_acc  env4_out_los  env5_out_acc  env5_out_los  epoch         loss          mem_gb        step          step_time     train_acc    
0.1380000000  2.2942633508  0.1265000000  2.3014380328  0.1059081131  2.3030262145  0.0971599402  2.3059484810  0.0985030880  2.3024787076  0.0000000000  2.3025748730  0.1273450851  0             1.5707838535  0.0625000000 
Best model upto now
0.9570000000  0.5556129851  0.6234000000  1.5548591719  0.3240242778  2.1080844309  0.7194818137  1.4516513422  0.4085627552  1.9004547389  0.1333333333  1.4295686538  0.2399849892  250           0.0258559647  0.8410000000 
0.9542000000  0.1749938935  0.6655000000  1.0627532556  0.3781883835  1.8012669940  0.7633283508  0.7900092043  0.4501203810  1.7797504727  0.2666666667  0.7476475871  0.2399849892  500           0.0229735546  0.9455000000 
Best model upto now
0.9675000000  0.1418530410  0.7681000000  0.7764528115  0.4741087892  1.6322425095  0.7982062780  0.7263490073  0.5248613001  1.6138030656  0.4000000000  0.3784527073  0.2399849892  750           0.0248136187  0.9610000000 
Best model upto now
0.9755000000  0.0995288793  0.8092000000  0.6077245519  0.4077289490  1.7898414497  0.7917289487  0.6604797803  0.5403538156  1.6384276787  0.5333333333  0.2942585671  0.2399849892  1000          0.0227042961  0.9652500000 
Best model upto now
0.9775000000  0.0802484224  0.8259000000  0.5506715842  0.4494084204  1.6794265777  0.8081714001  0.6365770195  0.5530199937  1.6765128708  0.6666666667  0.2283662291  0.2399849892  1250          0.0231011324  0.9741250000 
Best model upto now
0.9798000000  0.0663919332  0.8142000000  0.5774461940  0.4616625691  1.6953430041  0.8211260588  0.5718557052  0.5712341673  1.5894532394  0.8000000000  0.2298483626  0.2399849892  1500          0.0227716961  0.9750000000 
Best model upto now
0.9823000000  0.0561169173  0.8531000000  0.4603291195  0.4637369392  1.7573616037  0.8061783757  0.6499887593  0.5809693290  1.6655841112  0.9333333333  0.1955034717  0.2399849892  1750          0.0239323902  0.9786250000 
Best model upto now
0.9832000000  0.0550864411  0.8355000000  0.5384436484  0.4960817455  1.6771545755  0.8186347783  0.6422214862  0.5887155867  1.6513933388  1.0666666667  0.1618704282  0.2399849892  2000          0.0225536690  0.9837500000 
Best model upto now
0.9839000000  0.0517595082  0.8310000000  0.5568307491  0.4820221266  1.6632231123  0.8310911809  0.5933569986  0.5966712028  1.5855326756  1.2000000000  0.1691195821  0.2399849892  2250          0.0244900293  0.9807500000 
Best model upto now
0.9842000000  0.0473909642  0.8232000000  0.6106348147  0.5134834050  1.6140885885  0.8400597907  0.5653459858  0.5990788234  1.7100163078  1.3333333333  0.1473714641  0.2399849892  2500          0.0204521046  0.9832500000 
Best model upto now
0.9858000000  0.0425618076  0.8518000000  0.4817716147  0.5470574677  1.4599211549  0.8345789736  0.5474464484  0.6111169266  1.5773059273  1.4666666667  0.1523147215  0.2399849892  2750          0.0216911249  0.9838750000 
0.9820000000  0.0561058430  0.8152000000  0.5987914269  0.5245851260  1.6096051955  0.8161434978  0.6389262881  0.5747932587  1.8078387340  1.6000000000  0.1587692492  0.2399849892  3000          0.0228667383  0.9820000000 
Best model upto now
0.9861000000  0.0401531979  0.8659000000  0.4152714831  0.4940073755  1.7505311142  0.8071748879  0.6682352219  0.6054642521  1.6476182302  1.7333333333  0.1425605693  0.2399849892  3250          0.0235978899  0.9870000000 
Best model upto now
0.9869000000  0.0407281384  0.8531000000  0.4658652280  0.5175937308  1.6458731019  0.8266068759  0.5752235241  0.6009630483  1.7068680731  1.8666666667  0.1354133912  0.2399849892  3500          0.0262580214  0.9853750000 
0.9865000000  0.0464036397  0.8694000000  0.4088521202  0.4563998156  1.9367960674  0.7807673144  0.8018448800  0.5946822988  1.6589427296  2.0000000000  0.1306114107  0.2399849892  3750          0.0265202475  0.9870000000 
0.9866000000  0.0413818313  0.8532000000  0.4710929262  0.4995390289  1.7932819432  0.8201295466  0.6270218585  0.6061970062  1.6115755367  2.1333333333  0.1370968484  0.2399849892  4000          0.0250631647  0.9857500000 
Best model upto now
0.9873000000  0.0388752537  0.8497000000  0.4825099054  0.5013444991  1.8205819592  0.8380667663  0.5368929468  0.6111169266  1.7201109362  2.2666666667  0.1107148517  0.2399849892  4250          0.0228453274  0.9861250000 
Best model upto now
0.9885000000  0.0367052946  0.8664000000  0.4408402330  0.5041871543  1.8729731587  0.8305929248  0.5951055028  0.6168742803  1.7449324862  2.4000000000  0.1251510950  0.2399849892  4500          0.0225394411  0.9877500000 
0.9835000000  0.0489583718  0.8166000000  0.5879862116  0.5036109404  1.5999247297  0.8525161933  0.4559296882  0.6053595729  1.5235682058  2.5333333333  0.1292100656  0.2399849892  4750          0.0223193140  0.9873750000 
Best model upto now
0.9886000000  0.0352031648  0.8679000000  0.4066135976  0.5546634911  1.4819193593  0.8221225710  0.5935242083  0.6185491469  1.5922859891  2.6666666667  0.1091304188  0.2399849892  5000          0.0220391493  0.9887500000 
Best model upto now
0.9891000000  0.0329534719  0.8743000000  0.3973792084  0.5171327597  1.7013709627  0.8241155954  0.6027448755  0.6087093060  1.7371106402  2.8000000000  0.1238642889  0.2399849892  5250          0.0226464262  0.9863750000 
0.9885000000  0.0342383473  0.8676000000  0.4047045319  0.5438690842  1.5354345429  0.8435475835  0.5150776152  0.6282843086  1.5543021266  2.9333333333  0.0958917629  0.2399849892  5500          0.0225975256  0.9900000000 
Best model upto now
0.9906000000  0.0302773624  0.8783000000  0.3836915033  0.5087200369  1.8895657098  0.8226208271  0.6246921439  0.6110122475  1.7952521753  3.0666666667  0.1115912500  0.2399859428  5750          0.0244784098  0.9896250000 
0.9883000000  0.0327374838  0.8710000000  0.4101446822  0.5235479410  1.8265688770  0.8300946687  0.5944683608  0.6027425939  1.7855342531  3.2000000000  0.1036253281  0.2399859428  6000          0.0229443941  0.9905000000 
Best model upto now
env1_out_acc  env1_out_los  env2_out_acc  env2_out_los  env3_out_acc  env3_out_los  env4_out_acc  env4_out_los  env5_out_acc  env5_out_los  epoch         loss          mem_gb        step          step_time     train_acc    

0.9907000000  0.0275948971  0.8799000000  0.3785704918  0.5452135833  1.5759089782  0.8295964126  0.5913860388  0.6262954046  1.5993108908  3.3333333333  0.1108800879  0.2399859428  6250          0.0227124796  0.9903750000 
0.9886000000  0.0302036704  0.8829000000  0.3865834831  0.4975799017  2.0897950010  0.8226208271  0.6795810983  0.6155134513  1.8804272207  3.4666666667  0.0928017670  0.2399859428  6500          0.0227803450  0.9898750000 
0.9901000000  0.0276424580  0.8715000000  0.4183631053  0.4954671174  2.0326946039  0.8256103637  0.6821175627  0.6048361771  1.9466649787  3.6000000000  0.0867367418  0.2399859428  6750          0.0213410149  0.9915000000 
0.9898000000  0.0294794872  0.8645000000  0.4343814401  0.5163644745  1.9653170711  0.8400597907  0.5728735086  0.6260860463  1.7322122129  3.7333333333  0.0884244719  0.2399859428  7000          0.0240633307  0.9906250000 
0.0980000000  nan           0.0980000000  nan           0.0669944683  nan           0.1788739412  nan           0.0994452005  nan           3.8666666667  nan           0.2399859428  7250          0.0221501284  0.5703750000 
0.0980000000  nan           0.0980000000  nan           0.0669944683  nan           0.1788739412  nan           0.0994452005  nan           4.0000000000  nan           0.2399859428  7500          0.0211164789  0.1038750000 
0.0980000000  nan           0.0980000000  nan           0.0669944683  nan           0.1788739412  nan           0.0994452005  nan           4.1333333333  nan           0.2399859428  7750          0.0223501673  0.1023750000 
0.0980000000  nan           0.0980000000  nan           0.0669944683  nan           0.1788739412  nan           0.0994452005  nan           4.2666666667  nan           0.2399859428  8000          0.0217183981  0.0921250000 